01102006
01112006
01122006
01132006
01142006
01152006
01162006
01172006
01182006
01192006
01202006
01212006
01222006
01232006
01242006
01252006
01262006
01272006
01282006
01292006
01302006
01312006
02102006
02112006
02122006
02132006
02142006
02152006
02162006
02172006
02182006
02192006
02202006
02212006
02222006
02232006
02242006
02252006
02262006
02272006
02282006
02292006
02302006
02312006
03102006
03112006
03122006
03132006
03142006
03152006
03162006
03172006
03182006
03192006
03202006
03212006
03222006
03232006
03242006
03252006
03262006
03272006
03282006
03292006
03302006
03312006
04102006
04112006
04122006
04132006
04142006
04152006
04162006
04172006
04182006
04192006
04202006
04212006
04222006
04232006
04242006
04252006
04262006
04272006
04282006
04292006
04302006
04312006
05102006
05112006
05122006
05132006
05142006
05152006
05162006
05172006
05182006
05192006
05202006
05212006
05222006
05232006
05242006
05252006
05262006
05272006
05282006
05292006
05302006
05312006
06102006
06112006
06122006
06132006
06142006
06152006
06162006
06172006
06182006
06192006
06202006
06212006
06222006
06232006
06242006
06252006
06262006
06272006
06282006
06292006
06302006
06312006
07102006
07112006
07122006
07132006
07142006
07152006
07162006
07172006
07182006
07192006
07202006
07212006
07222006
07232006
07242006
07252006
07262006
07272006
07282006
07292006
07302006
07312006
08102006
08112006
08122006
08132006
08142006
08152006
08162006
08172006
08182006
08192006
08202006
08212006
08222006
08232006
08242006
08252006
08262006
08272006
08282006
08292006
08302006
08312006
09102006
09112006
09122006
09132006
09142006
09152006
09162006
09172006
09182006
09192006
09202006
09212006
09222006
09232006
09242006
09252006
09262006
09272006
09282006
09292006
09302006
09312006
01012006
01022006
01032006
01042006
01052006
01062006
01072006
01082006
01092006
02012006
02022006
02032006
02042006
02052006
02062006
02072006
02082006
02092006
03012006
03022006
03032006
03042006
03052006
03062006
03072006
03082006
03092006
04012006
04022006
04032006
04042006
04052006
04062006
04072006
04082006
04092006
05012006
05022006
05032006
05042006
05052006
05062006
05072006
05082006
05092006
06012006
06022006
06032006
06042006
06052006
06062006
06072006
06082006
06092006
07012006
07022006
07032006
07042006
07052006
07062006
07072006
07082006
07092006
08012006
08022006
08032006
08042006
08052006
08062006
08072006
08082006
08092006
09012006
09022006
09032006
09042006
09052006
09062006
09072006
09082006
09092006
10012006
10022006
10032006
10042006
10052006
10062006
10072006
10082006
10092006
11012006
11022006
11032006
11042006
11052006
11062006
11072006
11082006
11092006
12012006
12022006
12032006
12042006
12052006
12062006
12072006
12082006
12092006
01102007
01112007
01122007
01132007
01142007
01152007
01162007
01172007
01182007
01192007
01202007
01212007
01222007
01232007
01242007
01252007
01262007
01272007
01282007
01292007
01302007
01312007
02102007
02112007
02122007
02132007
02142007
02152007
02162007
02172007
02182007
02192007
02202007
02212007
02222007
02232007
02242007
02252007
02262007
02272007
02282007
02292007
02302007
02312007
03102007
03112007
03122007
03132007
03142007
03152007
03162007
03172007
03182007
03192007
03202007
03212007
03222007
03232007
03242007
03252007
03262007
03272007
03282007
03292007
03302007
03312007
04102007
04112007
04122007
04132007
04142007
04152007
04162007
04172007
04182007
04192007
04202007
04212007
04222007
04232007
04242007
04252007
04262007
04272007
04282007
04292007
04302007
04312007
05102007
05112007
05122007
05132007
05142007
05152007
05162007
05172007
05182007
05192007
05202007
05212007
05222007
05232007
05242007
05252007
05262007
05272007
05282007
05292007
05302007
05312007
06102007
06112007
06122007
06132007
06142007
06152007
06162007
06172007
06182007
06192007
06202007
06212007
06222007
06232007
06242007
06252007
06262007
06272007
06282007
06292007
06302007
06312007
07102007
07112007
07122007
07132007
07142007
07152007
07162007
07172007
07182007
07192007
07202007
07212007
07222007
07232007
07242007
07252007
07262007
07272007
07282007
07292007
07302007
07312007
08102007
08112007
08122007
08132007
08142007
08152007
08162007
08172007
08182007
08192007
08202007
08212007
08222007
08232007
08242007
08252007
08262007
08272007
08282007
08292007
08302007
08312007
09102007
09112007
09122007
09132007
09142007
09152007
09162007
09172007
09182007
09192007
09202007
09212007
09222007
09232007
09242007
09252007
09262007
09272007
09282007
09292007
09302007
09312007
01012007
01022007
01032007
01042007
01052007
01062007
01072007
01082007
01092007
02012007
02022007
02032007
02042007
02052007
02062007
02072007
02082007
02092007
03012007
03022007
03032007
03042007
03052007
03062007
03072007
03082007
03092007
04012007
04022007
04032007
04042007
04052007
04062007
04072007
04082007
04092007
05012007
05022007
05032007
05042007
05052007
05062007
05072007
05082007
05092007
06012007
06022007
06032007
06042007
06052007
06062007
06072007
06082007
06092007
07012007
07022007
07032007
07042007
07052007
07062007
07072007
07082007
07092007
08012007
08022007
08032007
08042007
08052007
08062007
08072007
08082007
08092007
09012007
09022007
09032007
09042007
09052007
09062007
09072007
09082007
09092007
10012007
10022007
10032007
10042007
10052007
10062007
10072007
10082007
10092007
11012007
11022007
11032007
11042007
11052007
11062007
11072007
11082007
11092007
12012007
12022007
12032007
12042007
12052007
12062007
12072007
12082007
12092007
01102008
01112008
01122008
01132008
01142008
01152008
01162008
01172008
01182008
01192008
01202008
01212008
01222008
01232008
01242008
01252008
01262008
01272008
01282008
01292008
01302008
01312008
02102008
02112008
02122008
02132008
02142008
02152008
02162008
02172008
02182008
02192008
02202008
02212008
02222008
02232008
02242008
02252008
02262008
02272008
02282008
02292008
02302008
02312008
03102008
03112008
03122008
03132008
03142008
03152008
03162008
03172008
03182008
03192008
03202008
03212008
03222008
03232008
03242008
03252008
03262008
03272008
03282008
03292008
03302008
03312008
04102008
04112008
04122008
04132008
04142008
04152008
04162008
04172008
04182008
04192008
04202008
04212008
04222008
04232008
04242008
04252008
04262008
04272008
04282008
04292008
04302008
04312008
05102008
05112008
05122008
05132008
05142008
05152008
05162008
05172008
05182008
05192008
05202008
05212008
05222008
05232008
05242008
05252008
05262008
05272008
05282008
05292008
05302008
05312008
06102008
06112008
06122008
06132008
06142008
06152008
06162008
06172008
06182008
06192008
06202008
06212008
06222008
06232008
06242008
06252008
06262008
06272008
06282008
06292008
06302008
06312008
07102008
07112008
07122008
07132008
07142008
07152008
07162008
07172008
07182008
07192008
07202008
07212008
07222008
07232008
07242008
07252008
07262008
07272008
07282008
07292008
07302008
07312008
08102008
08112008
08122008
08132008
08142008
08152008
08162008
08172008
08182008
08192008
08202008
08212008
08222008
08232008
08242008
08252008
08262008
08272008
08282008
08292008
08302008
08312008
09102008
09112008
09122008
09132008
09142008
09152008
09162008
09172008
09182008
09192008
09202008
09212008
09222008
09232008
09242008
09252008
09262008
09272008
09282008
09292008
09302008
09312008
01012008
01022008
01032008
01042008
01052008
01062008
01072008
01082008
01092008
02012008
02022008
02032008
02042008
02052008
02062008
02072008
02082008
02092008
03012008
03022008
03032008
03042008
03052008
03062008
03072008
03082008
03092008
04012008
04022008
04032008
04042008
04052008
04062008
04072008
04082008
04092008
05012008
05022008
05032008
05042008
05052008
05062008
05072008
05082008
05092008
06012008
06022008
06032008
06042008
06052008
06062008
06072008
06082008
06092008
07012008
07022008
07032008
07042008
07052008
07062008
07072008
07082008
07092008
08012008
08022008
08032008
08042008
08052008
08062008
08072008
08082008
08092008
09012008
09022008
09032008
09042008
09052008
09062008
09072008
09082008
09092008
10012008
10022008
10032008
10042008
10052008
10062008
10072008
10082008
10092008
11012008
11022008
11032008
11042008
11052008
11062008
11072008
11082008
11092008
12012008
12022008
12032008
12042008
12052008
12062008
12072008
12082008
12092008
01102009
01112009
01122009
01132009
01142009
01152009
01162009
01172009
01182009
01192009
01202009
01212009
01222009
01232009
01242009
01252009
01262009
01272009
01282009
01292009
01302009
01312009
02102009
02112009
02122009
02132009
02142009
02152009
02162009
02172009
02182009
02192009
02202009
02212009
02222009
02232009
02242009
02252009
02262009
02272009
02282009
02292009
02302009
02312009
03102009
03112009
03122009
03132009
03142009
03152009
03162009
03172009
03182009
03192009
03202009
03212009
03222009
03232009
03242009
03252009
03262009
03272009
03282009
03292009
03302009
03312009
04102009
04112009
04122009
04132009
04142009
04152009
04162009
04172009
04182009
04192009
04202009
04212009
04222009
04232009
04242009
04252009
04262009
04272009
04282009
04292009
04302009
04312009
05102009
05112009
05122009
05132009
05142009
05152009
05162009
05172009
05182009
05192009
05202009
05212009
05222009
05232009
05242009
05252009
05262009
05272009
05282009
05292009
05302009
05312009
06102009
06112009
06122009
06132009
06142009
06152009
06162009
06172009
06182009
06192009
06202009
06212009
06222009
06232009
06242009
06252009
06262009
06272009
06282009
06292009
06302009
06312009
07102009
07112009
07122009
07132009
07142009
07152009
07162009
07172009
07182009
07192009
07202009
07212009
07222009
07232009
07242009
07252009
07262009
07272009
07282009
07292009
07302009
07312009
08102009
08112009
08122009
08132009
08142009
08152009
08162009
08172009
08182009
08192009
08202009
08212009
08222009
08232009
08242009
08252009
08262009
08272009
08282009
08292009
08302009
08312009
09102009
09112009
09122009
09132009
09142009
09152009
09162009
09172009
09182009
09192009
09202009
09212009
09222009
09232009
09242009
09252009
09262009
09272009
09282009
09292009
09302009
09312009
01012009
01022009
01032009
01042009
01052009
01062009
01072009
01082009
01092009
02012009
02022009
02032009
02042009
02052009
02062009
02072009
02082009
02092009
03012009
03022009
03032009
03042009
03052009
03062009
03072009
03082009
03092009
04012009
04022009
04032009
04042009
04052009
04062009
04072009
04082009
04092009
05012009
05022009
05032009
05042009
05052009
05062009
05072009
05082009
05092009
06012009
06022009
06032009
06042009
06052009
06062009
06072009
06082009
06092009
07012009
07022009
07032009
07042009
07052009
07062009
07072009
07082009
07092009
08012009
08022009
08032009
08042009
08052009
08062009
08072009
08082009
08092009
09012009
09022009
09032009
09042009
09052009
09062009
09072009
09082009
09092009
10012009
10022009
10032009
10042009
10052009
10062009
10072009
10082009
10092009
11012009
11022009
11032009
11042009
11052009
11062009
11072009
11082009
11092009
12012009
12022009
12032009
12042009
12052009
12062009
12072009
12082009
12092009
